from = [231 285; 213 61; 399 500; 251 0];
to = [0 0; 0 -2219; 740 1229; 677 458];
