from = [231 285; 213 61; 399 500; 223 380; 224 436; 333 275; 234 -60];
to = [0 0; 0 -2219; 740 1229; -400 0; -700 0; 740 1029; 740 0];
